[gd_scene load_steps=4 format=3 uid="uid://boefaredsfue3"]

[ext_resource type="Script" path="res://Scripts/MultiplayerMenu.cs" id="1_t5e2i"]
[ext_resource type="PackedScene" uid="uid://cu6l41n1twsda" path="res://Scenes/button_3d.tscn" id="2_lan14"]

[sub_resource type="Environment" id="Environment_hocdb"]
background_mode = 1
background_color = Color(0.443137, 0.698039, 0.85098, 1)

[node name="MultiplayerMenu" type="Node3D"]
script = ExtResource("1_t5e2i")

[node name="CSGBox3D" type="CSGBox3D" parent="."]
transform = Transform3D(1, 0, 0, 0, 1, 0, 0, 0, 1, -0.265121, -1.66476, -5.52704)
use_collision = true
size = Vector3(19.5175, 0.258301, 18.9449)

[node name="NickLabel" type="Label3D" parent="."]
transform = Transform3D(1, 0, 0, 0, 1, 0, 0, 0, 1, -0.857373, 0, -2.20132)
text = "Nick:"

[node name="PlayerNickLabel" type="Label3D" parent="."]
transform = Transform3D(1, 0, 0, 0, 1, 0, 0, 0, 1, 0.122672, 0, -2.18927)

[node name="WorldEnvironment" type="WorldEnvironment" parent="."]
environment = SubResource("Environment_hocdb")

[node name="HostButton" parent="." instance=ExtResource("2_lan14")]
transform = Transform3D(1, 0, 0, 0, 0.969093, -0.246695, 0, 0.246695, 0.969093, 0, 3.07355, -10.5994)

[node name="JoinButton" parent="." instance=ExtResource("2_lan14")]
transform = Transform3D(0.707107, 0, -0.707107, 0, 1, 0, 0.707107, 0, 0.707107, 7.31816, 0, -7.43901)

[node name="StartButton" parent="." instance=ExtResource("2_lan14")]
transform = Transform3D(0.707107, 0, 0.707107, 0, 1, 0, -0.707107, 0, 0.707107, -7.41972, 0, -7.3787)

[node name="Camera3D" type="Camera3D" parent="."]
